 -141.25 5.32603e-321 16596.9 3.21691e-319 5.42978e-321 1.50591e-320 20922.7 9.2328e-311 -2.45841e+06 -63.75 5.24698e-321 7490.62 4.79244e-322 5.60765e-321 1.55779e-320 9442.97 5.6867e-321 -1.10955e+06 -1 5.04441e-321 117.5 5.08888e-322 4.82208e-321 1.61411e-320 148.125 0 -17404.7
1.2773e-153 -141.25 5914.84 0 0 8.28928e-317 0 20922.7 -876136 4.02967e-311 -63.75 2669.53 4.08909e-311 0 8.28928e-317 0 9442.97 -395424 4.18245e-311 -1 41.875 4.24187e-311 0 8.28929e-317 0 148.125 -6202.73
1.57971e-153 5.78057e-322 0 -141.25 1.24505e-321 16596.9 6621.09 1.67982e-322 -777979 1.52666e-320 3.21143e-322 5.56318e-321 -63.75 8.28932e-317 7490.62 2988.28 8.28932e-317 -351123 1.58002e-320 3.50787e-322 5.80033e-321 -1 3.90312e-322 117.5 46.875 3.90312e-322 -5507.81
1.58233e-153 3.91508e-311 0 0 -141.25 5914.84 0 6621.09 -277258 8.28928e-317 4.05089e-311 0 8.28928e-317 -63.75 2669.53 0 2988.28 -125134 8.28928e-317 4.20367e-311 0 8.28929e-317 -1 41.875 0 46.875 -1962.89
-201.25 1.48664e-320 37231.2 0 1.49998e-320 1.08694e-321 42262.5 0 -7.81856e+06 -63.125 1.53407e-320 11678.1 5.58788e-321 1.55482e-320 3.21686e-319 13256.2 1.56668e-320 -2.45241e+06 -1 1.58743e-320 185 5.82997e-321 1.60818e-320 8.28929e-317 210 1.62301e-320 -38850
1.89813e-52 -201.25 6540.62 0 8.28928e-317 3.9745e-311 0 42262.5 -1.37353e+06 0 -63.125 2051.56 0 8.28928e-317 0 0 13256.2 -430828 0 -1 32.5 0 8.28929e-317 4.28431e-311 0 210 -6825
1.90138e-52 5.33591e-321 1.49257e-320 -201.25 5.40014e-321 37231.2 9182.03 0 -1.69868e+06 9.68369e-322 5.25192e-321 1.54148e-320 -63.125 2.87955e-311 11678.1 2880.08 5.70646e-321 -532814 9.7825e-322 5.04935e-321 1.59484e-320 -1 4.82702e-321 185 45.625 2.57186e-311 -8440.62
1.57733e-52 0 8.28928e-317 3.94055e-311 -201.25 6540.62 0 9182.03 -298416 4.03391e-311 0 8.28928e-317 4.09333e-311 -63.125 2051.56 4.13153e-311 2880.08 -93602.5 4.1867e-311 0 8.28929e-317 4.24611e-311 -1 32.5 4.29704e-311 45.625 -1482.81
-35.625 5.78057e-322 846.094 1.49554e-320 5.78057e-322 3.34977e-321 1402.73 4.19956e-322 -33314.9 -259.375 3.21143e-322 6160.16 1.5489e-320 3.21686e-319 0 10212.9 8.28932e-317 -242556 -1 3.50787e-322 23.75 1.60225e-320 3.90312e-322 5.78551e-321 39.375 3.21716e-319 -935.156
3.0059e-67 -35.625 9062.11 8.28928e-317 3.95752e-311 0 0 1402.73 -356821 8.28928e-317 -259.375 65978.5 8.28928e-317 0 0 8.28928e-317 10212.9 -2.5979e+06 8.28928e-317 -1 254.375 8.28929e-317 4.26733e-311 0 8.28929e-317 39.375 -10016
4.58664e-72 1.48813e-320 3.22684e-319 -35.625 1.50147e-320 846.094 9485.16 1.51481e-320 -225272 5.23216e-321 1.53556e-320 4.79244e-322 -259.375 0 6160.16 69058.6 1.56816e-320 -1.64014e+06 5.76081e-321 1.58892e-320 3.50787e-322 -1 1.60967e-320 23.75 266.25 0 -6323.44
1.58233e-153 8.28928e-317 0 0 -35.625 9062.11 0 9485.16 -2.41279e+06 0 8.28928e-317 4.07635e-311 0 -259.375 65978.5 0 69058.6 -1.75668e+07 0 8.28929e-317 4.22914e-311 0 -1 254.375 0 266.25 -67727.3
-141.875 5.1284e-321 14364.8 1.67982e-322 5.41496e-321 1.50888e-320 14276.2 5.48907e-321 -1.44546e+06 -228.125 5.25686e-321 23097.7 4.79244e-322 0 1.55927e-320 22955.1 5.66199e-321 -2.3242e+06 -1 5.05429e-321 101.25 3.70549e-322 5.85962e-321 1.61708e-320 100.625 0 -10188.3
6.54484e-87 -141.875 22079.3 0 0 8.28928e-317 3.98723e-311 14276.2 -2.22173e+06 4.03816e-311 -228.125 35502 4.09757e-311 0 8.28928e-317 0 22955.1 -3.57238e+06 4.19094e-311 -1 155.625 4.25036e-311 0 8.28929e-317 0 100.625 -15659.8
2.64625e-260 1.08694e-321 2.34268e-311 -141.875 5.78057e-322 14364.8 30148.4 1.24505e-321 -3.05253e+06 1.52963e-320 3.21143e-322 5.57306e-321 -228.125 3.21143e-322 23097.7 48476.6 4.79244e-322 -4.90825e+06 1.58299e-320 3.50787e-322 5.4446e-321 -1 5.48413e-322 101.25 212.5 3.90312e-322 -21515.6
8.28928e-317 3.92357e-311 0 0 -141.875 22079.3 8.28928e-317 30148.4 -4.69185e+06 8.28928e-317 4.05938e-311 0 8.28928e-317 -228.125 35502 0 48476.6 -7.54417e+06 8.28928e-317 4.21216e-311 0 8.28929e-317 -1 155.625 0 212.5 -33070.3
-331.875 1.48961e-320 105370 0 1.50295e-320 3.21691e-319 106615 1.51629e-320 -3.38502e+07 -245.625 1.53704e-320 77985.9 5.59776e-321 1.55631e-320 2.2727e-322 78907 1.56965e-320 -2.5053e+07 -1 1.5904e-320 317.5 5.83986e-321 1.61115e-320 3.21716e-319 321.25 1.62449e-320 -101997
0 -331.875 59737.5 0 8.28928e-317 0 0 106615 -1.91907e+07 0 -245.625 44212.5 0 8.28928e-317 0 0 78907 -1.42033e+07 0 -1 180 0 8.28929e-317 0 0 321.25 -57825
5.78057e-322 5.13334e-321 0 -331.875 5.42484e-321 105370 74464.5 5.51377e-321 -2.36425e+07 3.21143e-322 5.5533e-321 1.54445e-320 -245.625 2.88167e-311 77985.9 55112.1 5.67187e-321 -1.74981e+07 1.13635e-321 5.79045e-321 1.59781e-320 -1 5.86456e-321 317.5 224.375 2.57398e-311 -71239.1
3.90659e-311 0 0 3.94479e-311 -331.875 59737.5 0 74464.5 -1.34036e+07 4.0424e-311 0 8.28928e-317 4.10182e-311 -245.625 44212.5 4.13577e-311 55112.1 -9.92018e+06 4.19519e-311 0 8.28929e-317 4.2546e-311 -1 180 4.30129e-311 224.375 -40387.5
-245.625 1.08694e-321 66472.3 1.49702e-320 5.78057e-322 0 73994.5 1.24505e-321 -2.00248e+07 -283.125 1.12647e-321 76620.7 1.55186e-320 2.2727e-322 0 85291.4 4.79244e-322 -2.3082e+07 -1 5.08888e-322 270.625 1.60522e-320 5.48413e-322 0 301.25 2.91499e-322 -81525.8
8.28928e-317 -245.625 71384.8 8.28928e-317 3.96601e-311 0 0 73994.5 -2.15047e+07 8.28928e-317 -283.125 82283.2 8.28928e-317 0 0 8.28928e-317 85291.4 -2.47878e+07 8.28928e-317 -1 290.625 8.28929e-317 4.27582e-311 0 8.28929e-317 301.25 -87550.8
5.31615e-321 1.49109e-320 4.19956e-322 -245.625 1.50443e-320 66472.3 69389.1 1.51777e-320 -1.87784e+07 5.24204e-321 1.53852e-320 4.79244e-322 -283.125 0 76620.7 79982.8 1.57113e-320 -2.16453e+07 5.77069e-321 1.59188e-320 5.08888e-322 -1 1.61263e-320 270.625 282.5 0 -76451.6
0 8.28928e-317 3.9363e-311 0 -245.625 71384.8 0 69389.1 -2.01662e+07 0 8.28928e-317 4.08484e-311 0 -283.125 82283.2 0 79982.8 -2.3245e+07 0 8.28929e-317 4.23763e-311 0 -1 290.625 0 282.5 -82101.6
-173.75 2.34056e-311 27582.8 1.24505e-321 5.43472e-321 1.51036e-320 32360.9 5.48413e-321 -5.1373e+06 -93.125 5.55824e-321 14783.6 8.28932e-317 0 1.56075e-320 17344.5 5.68175e-321 -2.75344e+06 -1 5.79539e-321 158.75 5.2865e-322 5.77563e-321 1.61856e-320 186.25 0 -29567.2
3.91084e-311 -173.75 12705.5 3.94903e-311 0 8.28928e-317 3.99147e-311 32360.9 -2.36639e+06 4.04665e-311 -93.125 6809.77 4.10606e-311 0 8.28928e-317 4.14001e-311 17344.5 -1.26832e+06 4.19943e-311 -1 73.125 4.25885e-311 0 8.28929e-317 0 186.25 -13619.5
1.48516e-320 3.21691e-319 2.34481e-311 -173.75 5.78057e-322 27582.8 13682.8 5.78057e-322 -2.17215e+06 1.53259e-320 1.12647e-321 5.58294e-321 -93.125 3.21143e-322 14783.6 7333.59 4.79244e-322 -1.16421e+06 1.58595e-320 5.08888e-322 5.82503e-321 -1 8.28929e-317 158.75 78.75 3.90312e-322 -12501.6
8.28928e-317 0 0 8.28928e-317 -173.75 12705.5 8.28928e-317 13682.8 -1.00056e+06 8.28928e-317 4.06787e-311 0 8.28928e-317 -93.125 6809.77 8.28928e-317 7333.59 -536269 8.28928e-317 4.22065e-311 0 8.28929e-317 -1 73.125 0 78.75 -5758.59
