-140 0 21560 0 0 0 19600 0 -3.0184e+06 -207 0 31878 0 0 0 28980 0 -4.46292e+06 -1 0 154 0 0 0 140 0 -21560 
0 -140 26600 0 0 0 0 19600 -3.724e+06 0 -207 39330 0 0 0 0 28980 -5.5062e+06 0 -1 190 0 0 0 0 140 -26600 
0 0 0 -140 0 21560 27020 0 -4.16108e+06 0 0 0 -207 0 31878 39951 0 -6.15245e+06 0 0 0 -1 0 154 193 0 -29722 
0 0 0 0 -140 26600 0 27020 -5.1338e+06 0 0 0 0 -207 39330 0 39951 -7.59069e+06 0 0 0 0 -1 190 0 193 -36670 
-193 0 27406 0 0 0 31073 0 -4.41237e+06 -258 0 36636 0 0 0 41538 0 -5.8984e+06 -1 0 142 0 0 0 161 0 -22862 
0 -193 45741 0 0 0 0 31073 -7.3643e+06 0 -258 61146 0 0 0 0 41538 -9.84451e+06 0 -1 237 0 0 0 0 161 -38157 
0 0 0 -193 0 27406 47092 0 -6.68706e+06 0 0 0 -258 0 36636 62952 0 -8.93918e+06 0 0 0 -1 0 142 244 0 -34648 
0 0 0 0 -193 45741 0 47092 -1.11608e+07 0 0 0 0 -258 61146 0 62952 -1.49196e+07 0 0 0 0 -1 237 0 244 -57828 
-333 0 73926 0 0 0 109224 0 -2.42477e+07 -222 0 49284 0 0 0 72816 0 -1.61652e+07 -1 0 222 0 0 0 328 0 -72816 
0 -333 74925 0 0 0 0 109224 -2.45754e+07 0 -222 49950 0 0 0 0 72816 -1.63836e+07 0 -1 225 0 0 0 0 328 -73800 
0 0 0 -333 0 73926 80253 0 -1.78162e+07 0 0 0 -222 0 49284 53502 0 -1.18774e+07 0 0 0 -1 0 222 241 0 -53502 
0 0 0 0 -333 74925 0 80253 -1.80569e+07 0 0 0 0 -222 49950 0 53502 -1.2038e+07 0 0 0 0 -1 225 0 241 -54225 
-256 0 82944 0 0 0 60416 0 -1.95748e+07 -214 0 69336 0 0 0 50504 0 -1.63633e+07 -1 0 324 0 0 0 236 0 -76464 
0 -256 70400 0 0 0 0 60416 -1.66144e+07 0 -214 58850 0 0 0 0 50504 -1.38886e+07 0 -1 275 0 0 0 0 236 -64900 
0 0 0 -256 0 82944 55040 0 -1.7833e+07 0 0 0 -214 0 69336 46010 0 -1.49072e+07 0 0 0 -1 0 324 215 0 -69660 
0 0 0 0 -256 70400 0 55040 -1.5136e+07 0 0 0 0 -214 58850 0 46010 -1.26528e+07 0 0 0 0 -1 275 0 215 -59125 
-218 0 36624 0 0 0 39894 0 -6.70219e+06 -64 0 10752 0 0 0 11712 0 -1.96762e+06 -1 0 168 0 0 0 183 0 -30744 
0 -218 13298 0 0 0 0 39894 -2.43353e+06 0 -64 3904 0 0 0 0 11712 -714432 0 -1 61 0 0 0 0 183 -11163 
0 0 0 -218 0 36624 14606 0 -2.45381e+06 0 0 0 -64 0 10752 4288 0 -720384 0 0 0 -1 0 168 67 0 -11256 
0 0 0 0 -218 13298 0 14606 -890966 0 0 0 0 -64 3904 0 4288 -261568 0 0 0 0 -1 61 0 67 -4087 
-194 0 29294 0 0 0 31428 0 -4.74563e+06 -65 0 9815 0 0 0 10530 0 -1.59003e+06 -1 0 151 0 0 0 162 0 -24462 
0 -194 11834 0 0 0 0 31428 -1.91711e+06 0 -65 3965 0 0 0 0 10530 -642330 0 -1 61 0 0 0 0 162 -9882 
0 0 0 -194 0 29294 12998 0 -1.9627e+06 0 0 0 -65 0 9815 4355 0 -657605 0 0 0 -1 0 151 67 0 -10117 
0 0 0 0 -194 11834 0 12998 -792878 0 0 0 0 -65 3965 0 4355 -265655 0 0 0 0 -1 61 0 67 -4087 
-200 0 36400 0 0 0 36400 0 -6.6248e+06 -16 0 2912 0 0 0 2912 0 -529984 -1 0 182 0 0 0 182 0 -33124 
0 -200 4600 0 0 0 0 36400 -837200 0 -16 368 0 0 0 0 2912 -66976 0 -1 23 0 0 0 0 182 -4186 
0 0 0 -200 0 36400 4000 0 -728000 0 0 0 -16 0 2912 320 0 -58240 0 0 0 -1 0 182 20 0 -3640 
0 0 0 0 -200 4600 0 4000 -92000 0 0 0 0 -16 368 0 320 -7360 0 0 0 0 -1 23 0 20 -460 
